IID	sex	PC1	PC2
HGDP00610	1	0.0280253076423443	1.43168951881555
HGDP00982	1	-1.16387919457715	3.17619209827493
HGDP00001	2	0.763274703437039	0.14745773857431
HGDP01247	2	-0.829658733507506	-0.397620652769166
HGDP00309	2	-0.983021100114437	-0.352155418951275
HGDP00786	1	2.38590445001495	0.453655836266455
HGDP00611	1	0.385811679161009	0.374928028455937
HGDP00003	2	-0.469956063666488	-0.152037376282358
HGDP00984	1	2.01283884161895	2.05694218392547
HGDP00787	2	1.45434939297945	0.269877935143667
HGDP01248	1	-0.276762128475043	-1.6400051310367
HGDP00311	2	-1.52536681992517	-1.38358402383936
HGDP00612	1	-0.66952726029171	-0.421944177492037
HGDP00005	1	-0.173379799800961	0.973457627858389
HGDP00985	1	-0.298839210825947	-1.56333424825607
HGDP00788	1	-0.872412361269459	-1.03614823778432
HGDP00313	1	2.75952289139271	0.391659927037654
HGDP01249	1	-0.66642433934396	-0.234914111721196
HGDP00613	1	-0.100325854229605	-0.939915756201599
HGDP00007	1	0.659901414252751	0.0870655188920164
HGDP00986	1	0.655930124362447	0.133242308462825
HGDP00790	2	0.302208617497355	0.857139536193699
HGDP00315	2	-0.340769526834037	-0.437267576963238
HGDP01250	2	0.658999797898378	0.111968812289482
HGDP00614	2	2.03375175806258	-0.53280229862381
HGDP00009	2	1.31601061947374	0.151974488236448
HGDP00987	2	0.344668559002598	0.80580498878675
HGDP00791	1	-0.0472802298061226	-0.417140954493951
HGDP00319	2	-0.264913508827516	0.268881638182434
HGDP01251	2	-0.397262349784505	-1.07593132798567
HGDP00615	1	-1.89490159372197	1.72287177540517
HGDP00011	2	-1.94085069390858	0.727137346676688
HGDP00991	1	1.55031468588178	-0.471105147875521
HGDP00794	1	1.3110110442676	-1.37310231222898
HGDP00323	2	0.32547968425777	-0.412383878370283
HGDP01253	1	-0.213146726927696	-1.34602316569785
HGDP00616	1	-0.817954269224968	0.416980431329832
HGDP00013	2	0.832446245192119	1.07288893054109
HGDP00992	1	-0.183773512590738	-0.0371787996360008
HGDP00795	1	-1.42992366550021	2.62463890863267
HGDP00326	1	-0.611931471976978	1.1425858507713
HGDP01254	2	-1.23341562857128	-1.54133932585825
HGDP00618	2	-0.650979282284673	-0.115032452041772
HGDP00015	2	0.0436882048215001	0.397331544618964
HGDP00993	1	0.960505549864054	0.440586626439923
HGDP00796	1	0.291499926880451	-1.20061997019538
HGDP00328	2	-2.55996227247002	-0.626906969137827
HGDP01255	2	1.19058348550816	-2.78992178688573
HGDP00619	2	-0.196032161098229	1.04254075763742
HGDP00017	1	0.915320281687423	-0.0791357225419555
HGDP00994	2	-0.167077509514096	-1.39673111118193
HGDP00330	2	-0.0475050871108008	0.649137507153369
HGDP00797	1	-0.195593114415228	-0.664367622849232
HGDP00620	1	-0.71337289281514	-0.120817431732975
HGDP01256	1	-0.370976709687866	0.249573569255806
HGDP00019	1	-1.14051472701652	2.01229277968382
HGDP00333	2	1.49293666729331	-1.32990083110323
HGDP00995	1	-1.29413100981771	-0.335566386524463
HGDP00798	1	1.28421075936102	-0.448509334859634
HGDP00621	2	-0.817692430788452	0.425271614092815
HGDP01257	1	2.26340231809989	-0.432807407812599
HGDP00021	1	2.02480347412319	-1.10184946104227
HGDP00338	2	-1.08307438684604	-1.3474827795206
HGDP00999	2	0.802672432469824	-0.411309666027038
HGDP00799	1	0.350269606359993	-0.187853485787742
HGDP00622	2	0.949452607151921	-0.117432267867688
HGDP01258	2	-0.97723083872131	0.938687536484131
HGDP00023	1	-0.175103518353855	-1.2328078172366
HGDP00341	1	0.661236530677419	-0.24247577008779
HGDP01010	2	-1.48034723045168	-2.14974879915291
HGDP00800	1	-0.680436395985525	1.57843997187057
HGDP00623	1	1.30477809061137	1.29635198046096
HGDP00025	1	-1.79185437335583	-0.00955535840176476
HGDP01259	1	-0.300287635815326	-0.148669321150655
HGDP00346	1	0.551506029651083	0.697665101334371
HGDP01013	2	-1.08119543310999	-0.921983279883504
HGDP00624	1	0.92320117231888	-0.315301668893939
HGDP00802	2	0.360588995037732	-0.862191484961975
HGDP00027	1	-1.18578812705491	1.11573864197924
HGDP01260	2	-0.871628424364129	1.5247009100143
HGDP00351	2	2.0867593091945	-1.99846860239629
HGDP01015	2	0.477768167314321	-0.845808047006653
HGDP00625	1	1.62667178398424	-0.00811911088158597
HGDP00803	1	0.754201358313878	0.157844243269229
HGDP00029	1	-0.437380227928762	-0.568279221648617
HGDP01261	1	-0.273388001988834	-0.00843748034831362
HGDP00356	1	-1.77954788839776	-0.327369348064667
HGDP01021	1	0.472041738634543	-0.614796471705931
HGDP00626	2	-0.682625012858633	-0.584140312878284
HGDP00804	1	0.640984710644621	0.218044464042726
HGDP00031	2	0.405024432217948	-0.320351369246531
HGDP01262	1	-1.48589822607575	-0.553832453307435
HGDP00359	2	3.06304426752499	1.18359140775896
HGDP01023	2	-0.0617278991110892	-1.31167092396435
HGDP00627	2	-0.601062434877994	0.841640287142484
HGDP00805	1	1.17698639160153	-0.607886967927644
HGDP00033	1	-0.398877559834745	0.257856765191873
HGDP01263	2	0.0474367240440786	-1.18557051821439
HGDP00364	2	-1.82738373423494	-1.59921122064091
HGDP01027	1	0.257724976556419	-1.81066689027156
HGDP00628	1	-0.547541129231607	-1.12275350410695
HGDP00806	2	1.47548807475316	-0.910734296185824
HGDP00035	2	-0.916663967361345	0.472512770607675
HGDP01264	1	0.656821358936467	0.526666669903857
HGDP00371	1	0.277025421371361	-1.53984862697493
HGDP01028	2	1.2675171863196	-1.31212951216582
HGDP00629	2	-0.859457543787237	0.743856976973061
HGDP00807	2	1.39911081180625	0.0890567522562573
HGDP00037	1	-1.33367390996991	0.390643705705287
HGDP01265	1	1.14429488384033	-0.236212346965977
HGDP00372	1	1.20334978464259	-1.21998760209354
HGDP01029	2	1.38394805255901	-0.288413320451163
HGDP00630	2	-0.458765540937809	0.0191416084759775
HGDP00808	1	0.601929450394658	-0.706329144990026
HGDP00039	2	0.444777834441528	0.40421238167277
HGDP01266	1	0.335380533718825	1.19527772889729
HGDP00376	1	-0.171907667191729	0.102018763015617
HGDP01030	1	1.47898053544046	0.16656163840374
HGDP00631	2	1.64578717493103	-0.622735881178756
HGDP00041	2	0.667597308334167	-1.79214168528307
HGDP00810	1	-0.206163543158542	-0.188248013601417
HGDP01267	2	-0.252544030091634	2.25513171291401
HGDP00382	1	1.24090805999799	-2.25461861148893
HGDP01031	1	-0.495100826907096	0.618829612161902
HGDP00632	1	-1.71564045412988	-1.00506099295295
HGDP00811	1	-0.752052400086819	-0.0290202919520897
HGDP00043	1	-0.438105297317922	1.21862413644116
HGDP01268	1	-0.44256090190279	0.433923461175316
HGDP00388	1	-0.665400930066813	0.420959369842843
HGDP01032	2	0.103002252735175	1.70062168772827
HGDP00634	2	-0.29384546564911	-0.274586833123327
HGDP00812	2	1.93418314700173	-2.5764292604978
HGDP00045	2	-0.51104850836022	-0.162795340034998
HGDP01269	1	1.43677097204785	0.346688590957371
HGDP00392	2	-0.832268072651696	-1.3973365625873
HGDP01033	2	1.21158953690128	-1.31702135609058
HGDP00635	1	-1.00448531131801	-0.355170829241532
HGDP00813	2	0.873158384838356	-0.378104850804133
HGDP00047	1	1.26902416629621	-1.58698687796773
HGDP01270	1	0.915729936665862	1.80702041777006
HGDP00397	2	0.322024384384559	-1.63816153698649
HGDP01034	1	-0.0275043703717728	-0.748084027653489
HGDP00636	2	-0.370520610904446	-0.660921715404634
HGDP00814	1	0.179050905191376	-0.210519000547359
HGDP00049	2	-1.14471016151313	-0.179071900702896
HGDP00402	1	0.0301140438474852	0.97907927678169
HGDP01271	2	1.28416318647621	-0.766763148982208
HGDP01035	2	-0.512282129328496	0.569326509960892
HGDP00637	2	0.222575896824548	-1.57265856026391
HGDP00815	2	-0.530911593897391	-1.17775397789946
HGDP00052	2	-0.690293591867513	-0.321468933482251
HGDP00407	1	1.84617443388781	1.47520761402088
HGDP01272	1	0.0357576963547988	2.1842197740725
HGDP01036	2	-0.541844174498358	-1.11528183130284
HGDP00638	1	1.34305227853489	-1.04271450286916
HGDP00054	2	0.541070772796146	-0.432284020448313
HGDP00817	1	0.893490537267824	0.0176474457823561
HGDP00412	1	-0.799040847227371	0.0312924968477776
HGDP01274	2	0.774144292506784	1.54859042247932
HGDP01037	2	0.00602780124599756	1.06997046183255
HGDP00639	1	0.633201442248941	-0.220437928833672
HGDP00818	2	0.803525922494659	0.405638999962929
HGDP00056	2	0.282173921748224	-0.467873501575076
HGDP00417	1	-0.204794367660222	1.08808282726215
HGDP01275	1	0.106607834434743	-0.324225331429405
HGDP01041	1	-0.636172872954057	-1.88477345496701
HGDP00640	1	0.56524612360297	0.556122628380942
HGDP00819	1	0.274446864646923	-0.921077502588323
HGDP00057	1	0.31229906256424	0.563287807419133
HGDP00423	2	-1.44222332014959	-0.0174864292718612
HGDP01276	1	-0.00590988491764632	-0.335158281168565
HGDP01044	2	0.838933596454548	-0.660670308953313
HGDP00641	2	-0.809642839179976	2.24599908136561
HGDP00820	1	0.240588607648256	0.167678992379227
HGDP00058	2	2.1592208606803	-2.14441939078324
HGDP00428	2	0.458290220113783	0.16306699031123
HGDP01277	2	-0.577921527164066	-0.127853562348193
HGDP01047	1	0.460723790206759	1.01292465154779
HGDP00821	1	-1.21800076275268	-0.100423513637832
HGDP00642	2	-1.54897262386199	1.2758250626134
HGDP00060	1	0.489830159479463	-0.598435664695175
HGDP00433	1	-0.669843433975237	-0.471800505226307
HGDP01279	2	1.05619145498456	1.08165974646023
HGDP01053	2	-0.0815180188557568	0.104132588765413
HGDP00822	2	0.159600211111372	0.772272512297645
HGDP00643	1	0.605893229092901	-0.506782632940431
HGDP00062	2	0.402332947782486	1.50725761824892
HGDP00438	1	1.66912078025549	1.16303034567263
HGDP01280	1	-0.613416669076803	1.77648047595785
HGDP01055	2	-1.53956913516392	-0.110429484640437
HGDP00644	2	-0.346997727117418	-0.465849619376175
HGDP00828	2	0.916084301734219	0.33270020926694
HGDP00064	1	1.45366472114994	-0.383877362141779
HGDP00444	1	-1.72266313818653	2.07382043572123
HGDP01282	2	0.903096176331677	1.18294445580713
HGDP01056	2	-0.684322573758202	0.0578592489794322
HGDP00645	2	-1.94821688754772	0.0918149721343126
HGDP00832	1	-1.88537716214613	-1.23255188673223
HGDP00066	2	-0.389520338551106	1.06980044252806
HGDP00445	2	0.531584238980834	-0.780656429893473
HGDP01283	2	-0.00562929338322527	0.00424891000888586
HGDP01057	1	-1.3432299647922	1.04613352321535
HGDP00646	2	-0.272843263006323	-2.41225697273122
HGDP00843	1	1.10871311604043	-0.195090672233259
HGDP00068	2	0.827391684826949	0.770738820038597
HGDP00449	2	0.33649845996386	-0.58554482191954
HGDP01285	2	0.389196880261177	1.44671015592115
HGDP01058	1	-0.0617521464693813	-0.322413033705806
HGDP00647	2	-2.16857356790188	0.405590716790052
HGDP00846	2	0.218475858672152	-0.747246196213505
HGDP00070	1	-0.301969740540525	-0.361897166692165
HGDP00450	1	0.941808935978569	1.26247151949461
HGDP01286	2	-1.26293791519047	-0.814391253156896
HGDP01059	2	-0.388160498939909	0.972375658423455
HGDP00648	2	-0.578828509040958	-0.920069595360412
HGDP00849	1	-1.19216456393232	0.417272592393877
HGDP00452	1	1.52641464714056	-0.440826480747027
HGDP00072	1	-0.42691404507169	1.34653289075267
HGDP01287	1	-0.37778868337704	0.604780663590127
HGDP01060	1	-0.207350453942132	0.650757774914374
HGDP00650	2	1.14147527865583	0.686018764941473
HGDP00852	1	-0.291043192243945	-0.983203361682815
HGDP00453	2	0.553069276887795	1.06515737340781
HGDP00074	1	0.252289796717882	-1.12093723987683
HGDP01288	2	0.340842439449744	-0.531734801440545
HGDP01062	2	-0.605871121898494	-0.499838612149235
HGDP00651	2	-2.4951923032692	1.55800195677283
HGDP00854	1	0.109732540818466	1.9168602449148
HGDP00454	2	0.051650472353377	0.834678463783924
HGDP00076	2	0.562896469752711	-0.493452303603529
HGDP01289	2	0.529038961816107	-0.460299348106915
HGDP01063	2	0.325358196861315	1.12632799486245
HGDP00653	1	-0.851632381485907	0.627922899609059
HGDP00455	2	0.451390160403607	0.274618765817231
HGDP00855	1	-1.31188998457374	-1.12114804440428
HGDP00078	2	-1.58992343382994	-0.668141267663694
HGDP01290	2	0.595056539699413	0.684740568993316
HGDP00654	2	0.943747281218484	1.62671282876546
HGDP01064	1	0.830184950553146	0.206838858661544
HGDP00457	1	0.724260305708893	-1.25018137553183
HGDP00856	1	0.302624483039658	-0.777129632460922
HGDP00080	2	-0.440469897367608	-1.52280278516761
HGDP01291	1	1.38855628418662	0.180783983099003
HGDP00655	1	1.13486425993335	0.127240135423031
HGDP00458	2	1.8476313606038	0.342328763065078
HGDP01065	1	-0.491913217730714	0.529144338131914
HGDP00857	1	1.76987865956766	1.09078851255294
HGDP00082	1	0.273376151024318	0.216622473110951
HGDP01292	2	0.80804278574229	-0.944273390622814
HGDP00656	2	-0.936183226585249	-0.117933071172812
HGDP00459	2	-1.02716479031857	1.39914607829357
HGDP01066	2	1.02104326848399	-0.0325356209154599
HGDP00086	2	1.08880459129364	0.56110502504926
HGDP00858	1	-2.41820981058886	-0.794410672337993
HGDP01293	1	-0.18107677354058	0.204048708873704
HGDP00460	1	0.636283754546487	-1.16505017585158
HGDP00661	2	-0.725128432747626	-0.248354162230334
HGDP01067	1	0.312565998610951	-0.386813592598975
HGDP00088	2	-1.71279068978276	1.76076132158541
HGDP00859	2	1.65661424792202	2.30715656008728
HGDP01294	2	0.449173321828807	0.599552933464228
HGDP00461	1	-1.1966657783608	-1.66087746050265
HGDP00662	2	0.435650249986206	-0.795881715050543
HGDP01068	1	-0.424482282525467	0.835946174807375
HGDP00090	2	1.33588411940174	0.561549397873559
HGDP00860	2	0.0717622919419995	-0.501346932110295
HGDP00462	2	1.24459834827546	0.480588355979758
HGDP01295	2	-0.393154120801847	1.26636025662447
HGDP00663	2	0.947552129968948	0.45357706721422
HGDP01069	1	-0.0446457574463257	1.31100790391128
HGDP00092	2	-0.963631755531001	-0.487684456383193
HGDP00861	1	-0.465140870355323	-0.34207524054133
HGDP00463	1	-0.148629357758736	-0.0177279807023327
HGDP01296	1	-0.059989529670667	0.148240632650128
HGDP00664	1	2.8421301825056	-0.93849545573698
HGDP01070	2	-0.895815904121397	0.74134465383418
HGDP00094	1	1.5442056153643	0.498892839492814
HGDP00862	2	-0.771672563080895	-0.909886575734551
HGDP00464	1	0.756727427820458	0.984421127870671
HGDP01297	1	-1.22383186095549	-0.943816855001251
HGDP00666	1	-0.340080014098599	-1.73197212784957
HGDP01071	1	1.0828527995584	0.473764456514691
HGDP00096	2	-0.800943728725872	-0.667895211352111
HGDP00863	2	-0.404404467038976	0.772107922576745
HGDP00466	2	-0.156150227524077	0.361962007509461
HGDP01298	1	-0.0315982920591205	-1.18952487331488
HGDP00667	2	-0.478964014314627	0.134782022627479
HGDP01072	2	0.0205274613344313	1.08608455243335
HGDP00098	1	0.140958422611133	-1.34673219455842
HGDP00864	2	0.150142694918948	-0.328043498568215
HGDP00467	2	1.00933300477386	0.787412520128103
HGDP01299	1	-0.15087389926533	-0.864731307997287
HGDP00668	1	0.574136218407273	0.782825448614355
HGDP01073	2	-0.12168889810302	-0.232200103682519
HGDP00099	1	-1.36420897526109	0.180325863106584
HGDP00469	2	0.197014618228092	-0.660132741386691
HGDP00865	2	-0.0198084115827976	1.76547344800643
HGDP01300	1	-0.697465892118813	-0.818680287621334
HGDP00669	1	-0.726645960091281	-0.371756211533505
HGDP01074	1	1.42363755095127	1.03405754446442
HGDP00868	2	-0.421649120216849	-0.216179117397081
HGDP00100	2	-1.22424095971575	0.639580047245595
HGDP00470	2	1.01388045815611	0.0203201891788521
HGDP00670	2	-0.520448699535588	-0.481882364208751
HGDP01301	2	0.789806401028563	-1.11273616579943
HGDP01075	1	-1.42900161784346	1.26593197312268
HGDP00869	2	1.31347284236759	-0.0663108448049217
HGDP00102	2	-1.3111974968361	-1.11742146991485
HGDP00471	1	-1.2893049015255	-0.531549818668131
HGDP00671	1	0.446564128014565	0.557834826429993
HGDP01302	2	0.248324628577317	1.3347577146858
HGDP01076	2	-1.05185140237024	-0.608114375948785
HGDP00870	2	0.213531142156661	0.149115813147745
HGDP00472	2	0.777985612343511	1.56097065618065
HGDP00103	2	0.766713935920909	0.302619257939871
HGDP00672	1	-0.00516927593639746	0.445679581325786
HGDP01303	1	0.196334982687732	-0.199286037991774
HGDP01077	1	0.00890660159077392	2.09914967199726
HGDP00871	2	-0.538018490951996	0.399251256954332
HGDP00473	2	0.225949125474252	0.502466214357901
HGDP00104	2	-1.20238140364706	-1.35982369550902
HGDP00673	2	-0.644570937133879	0.528814238247816
HGDP01304	2	1.01489647820653	-0.917284860387222
HGDP01078	1	0.0876988105794976	0.559260065411662
HGDP00872	1	0.538345004373748	1.05789715863985
HGDP00474	2	-0.484009862023449	0.99023455369034
HGDP00105	1	-1.53582007512971	1.0296912172037
HGDP00674	2	-1.09545902019485	-0.666792257475643
HGDP01305	2	-1.66025573146786	-0.697040915118611
HGDP01079	1	0.0123169870695713	1.87221281743273
HGDP00475	1	0.123076603132727	0.675922038815166
HGDP00873	2	1.72629278873672	-0.300948053558104
HGDP00106	2	-0.347598031340479	1.03017924708151
HGDP00675	2	-0.514385207058461	0.516782537108288
HGDP01306	1	-0.437255582560218	3.1864144686321
HGDP01081	2	-0.743864245105637	-1.3173273307207
HGDP00476	2	-0.629497601544918	0.822181368611535
HGDP00875	2	-0.468483566351864	0.205237413699294
HGDP00108	2	0.0152948710715959	-1.39350642335383
HGDP00676	1	0.150766001650248	-1.12532180128746
HGDP01307	2	-0.840946807834224	-0.321306254610944
HGDP01086	2	0.477183795082611	-0.309842116908851
HGDP00478	1	-1.22842969673114	0.992689818887604
HGDP00876	1	-1.23193561529495	1.32277781805629
HGDP00109	2	0.732106987384531	0.849280641509797
HGDP00677	1	0.462948111426913	0.295197993295009
HGDP01308	1	0.926711707243407	-0.661549911054653
HGDP00479	1	-1.17772676712567	0.0507662256353227
HGDP01090	2	-0.18721827801648	-0.230139171779637
HGDP00877	1	0.176627386312101	0.682467777512995
HGDP00110	2	-0.362107070119158	-0.612812237096027
HGDP00678	1	-0.31604894079237	0.54170696711729
HGDP01309	1	-1.25064441844698	0.109601572246684
HGDP00491	2	-1.11950889069552	-0.526161686795847
HGDP01094	1	-0.0879871234464083	0.0689389949713384
HGDP00879	2	-1.12787125486303	0.398775080592626
HGDP00115	1	1.3255632118209	-0.0806319858569026
HGDP00679	2	0.269993523183189	0.671331422365642
HGDP01310	2	0.356351997326693	-0.913480482319336
HGDP00511	1	-0.999056161532197	-0.328192838319193
HGDP01095	2	-0.405501702593789	-1.35797875618155
HGDP00880	2	-0.35443296740101	-0.339955194233556
HGDP00118	1	1.50297989577025	-0.101856483341128
HGDP00680	1	0.881288146802202	-1.72367917446453
HGDP00512	2	-1.7343603305357	0.775822116684294
HGDP01311	2	-1.04022935930505	-0.266883336979792
HGDP01096	1	0.968996396912399	0.212520762735019
HGDP00120	2	-1.36131758332345	1.06974943520137
HGDP00881	1	0.561209338308844	0.0732773474774401
HGDP00682	1	-0.547090412747526	-1.15630829086079
HGDP00513	2	0.875945745654088	-0.579218656151579
HGDP01312	2	0.685265087466233	1.2360952419036
HGDP01098	1	0.368916293998345	-0.96022746686625
HGDP00121	2	1.56461194879903	0.853507726121409
HGDP00882	1	1.6703891193486	1.74664025353641
HGDP00683	2	-1.46594816799839	2.88647594802817
HGDP00514	1	0.746080994714525	2.22681516295698
HGDP01313	2	-0.246952585832881	0.180279670185448
HGDP01099	1	-1.26821594434607	-0.9667189091369
HGDP00122	1	0.294288206895886	-0.0925552917355486
HGDP00883	1	-0.141962458825604	1.73119998699994
HGDP00684	1	-1.05752886253207	-0.378497512545905
HGDP00515	1	1.44553463049015	-0.362613376967222
HGDP01314	1	-0.0681449738801745	-0.412525341064963
HGDP01100	2	-0.40700351427234	0.467870318196894
HGDP00124	1	-0.89589621026102	-0.96348091525859
HGDP00685	1	-1.33963228668257	-0.65932829512498
HGDP00884	1	1.101159885911	0.455732679039161
HGDP00516	2	-1.11676558700136	-1.33564683106508
HGDP01317	2	2.38477501033871	1.68926206126622
HGDP00125	1	0.462811759360151	0.569524068171301
HGDP01101	1	0.200217952753312	-0.919331386405993
HGDP00686	2	-0.430031242435317	-2.47166024214017
HGDP00885	2	-0.611311856496058	0.911852847041897
HGDP00517	2	1.66759463038509	0.900695509636198
HGDP01318	1	0.71285382473896	-0.379524525886055
HGDP00127	1	-0.645645971829474	-0.210527684322592
HGDP01102	2	0.18232106522002	-0.828329460173946
HGDP00687	1	-1.72309683405941	-0.558207089446466
HGDP00886	1	1.67756036485253	-1.27859576645036
HGDP00518	2	-1.92049976807242	0.800558428475939
HGDP01319	1	-1.21320552980364	0.673678667976713
HGDP00129	1	-1.2615308268312	0.621861751360999
HGDP01103	2	-0.951132880924486	-1.14534890423371
HGDP00688	2	0.7619521904492	-1.19182404120437
HGDP00887	2	-0.733902289673411	0.0331587250973226
HGDP01320	1	-1.14684630015936	-1.50669008911847
HGDP00519	2	0.141545337162246	-0.415844346714961
HGDP00130	1	1.55959085771672	-0.61674120739923
HGDP01104	1	-0.859932477301544	-0.39455185928936
HGDP00689	1	-1.16158792773218	-0.409439076571967
HGDP00888	2	-0.351739661666156	-0.142042662378077
HGDP00520	1	0.652276427451101	-1.37052424812929
HGDP01321	2	-1.03202872233545	0.837321031536061
HGDP00131	1	0.87643463306788	-0.273391568336366
HGDP01149	1	-0.505849986243009	-0.864224513156887
HGDP00690	1	1.94854638939965	-1.09768128119327
HGDP00889	1	-0.148273248656762	0.599113671870092
HGDP00521	2	-1.57805069302171	0.374607568795651
HGDP01322	2	-0.200181992646757	-0.694170433027751
HGDP00133	2	1.2479695239913	1.34238269662247
HGDP01151	2	0.632485407905028	1.32554565479762
HGDP00691	2	-0.897663952351057	-0.361585025329295
HGDP00890	2	-0.7349504170045	-0.497708582867226
HGDP00522	2	-1.23235042085778	1.54705722584225
HGDP01323	1	-0.586665813402066	1.27798282358316
HGDP00134	1	-0.57132739085223	1.81668112662942
HGDP01152	1	-0.578863325949771	0.985637949162782
HGDP00692	2	0.702015958804214	-0.0778190169745438
HGDP00891	1	-0.987510592929112	1.10267400415478
HGDP00523	2	-0.55566642670018	-0.211699128855019
HGDP01326	1	-0.443897152077351	-0.418272064691887
HGDP00135	1	-0.127027435684875	0.583932537555677
HGDP01153	2	0.458544761305624	-0.972439671466614
HGDP00693	1	-0.527454120508972	-0.588233123790119
HGDP00524	1	-0.26979471078968	1.03139415941639
HGDP00892	2	-0.00458644148507458	-0.651218034356629
HGDP01327	1	1.70536390304641	-1.33032496048428
HGDP00136	1	0.304131553935872	0.32123725161875
HGDP00694	1	1.80267802083295	-0.9433498355887
HGDP01155	1	0.453438517790468	-0.629726629904592
HGDP00525	1	0.374785925137897	0.438761406245391
HGDP00893	1	0.698469778094682	-2.44051050808561
HGDP01328	1	0.750745722425198	0.618931034570214
HGDP00137	1	2.11307823243605	1.42991372296952
HGDP00696	2	0.00525688272143858	-0.496423387004863
HGDP01156	1	0.9822077354321	0.511896416115441
HGDP00526	1	-0.900567929728333	0.603362688096566
HGDP00894	2	-0.958499920909703	-0.751230382244971
HGDP00139	2	0.119854430143838	-0.194135895701091
HGDP01329	1	-0.359652906664183	0.529778110338335
HGDP00697	2	-1.79813526897912	0.796940660453518
HGDP00527	1	-1.85059606221942	1.10479022595244
HGDP01157	2	0.845798032437825	-1.16958563226881
HGDP00895	1	-0.602523624887335	-0.957740296318255
HGDP00140	2	0.314271762602879	0.713462129946685
HGDP01330	1	0.62100640964687	-1.57482315223803
HGDP00698	2	-1.32299407615623	0.226196898827135
HGDP00528	2	1.94942579467396	-0.661390966376999
HGDP00896	1	-1.51278490166578	-0.213978705761156
HGDP01161	1	-1.20736876844719	2.19364901537557
HGDP00141	2	-0.153017419356856	-0.503028138605075
HGDP01331	2	-0.779160494692875	-0.689437158846785
HGDP00699	1	-0.0979813272678787	0.569537248443408
HGDP00529	2	0.730582499292497	1.11038669719569
HGDP00897	2	0.467008219099693	-1.01861080352837
HGDP01162	2	1.04381627385528	0.0693838466192289
HGDP00143	2	0.643339718551586	-0.859416612990281
HGDP01332	1	0.0982879413351071	1.69132564609149
HGDP00700	2	1.0094367051225	0.790356916439171
HGDP00530	1	-0.262648343825966	0.425958260905938
HGDP00898	2	1.8867922662329	-0.253796273509982
HGDP01163	1	-0.822651578886544	-0.64238223139639
HGDP00144	1	2.59628715878239	-0.282320628332909
HGDP01333	1	1.53162910848327	0.0848433308246997
HGDP00701	2	-0.0704778899443241	1.07539572551101
HGDP00531	1	-0.415105877395822	0.0423049222203706
HGDP00899	2	-1.16027957297016	1.05647340486452
HGDP01164	1	0.111110758468947	-0.903129580123977
HGDP00145	2	0.315439703509513	0.703218193957299
HGDP01334	1	-0.404523537524079	-0.744358349046067
HGDP00533	1	0.615653386460359	-0.391417104149271
HGDP00703	1	-1.26992484016054	-0.850885480706998
HGDP00900	2	-1.35699552131406	-0.127865174472646
HGDP01166	2	-0.720869417011125	-0.473567006874326
HGDP01335	2	-0.440820585637511	-0.561349497680916
HGDP00146	2	0.39318719150803	-1.13393947931287
HGDP00534	1	-0.11109585436694	-0.466292263789807
HGDP00704	1	1.37743459605689	-0.230527723362158
HGDP00901	2	-1.4177026255455	0.245348350451779
HGDP01167	1	-0.603914871057882	-0.429202440950095
HGDP00148	2	-0.623243561338751	0.446670038544623
HGDP01336	1	0.769549236670178	1.07850174123657
HGDP00535	1	-0.02562063543591	1.31193049175333
HGDP00706	1	-0.306316454133518	0.188483788675123
HGDP00902	2	0.352946204423492	-0.65455675615934
HGDP01168	1	0.341560074644568	0.752916355125844
HGDP01337	1	1.02898853944699	2.13353124538239
HGDP00149	2	0.27457113501229	0.551402986150657
HGDP00536	2	-0.354434793494798	1.0375697050326
HGDP00710	2	-1.12956943059633	0.257689718772059
HGDP00903	2	0.215372068496709	1.06666310937558
HGDP01169	2	1.13037494879569	1.21525272242616
HGDP01338	1	-1.48621471314954	0.821435180410016
HGDP00150	1	0.263318847021401	-0.955510765975323
HGDP00537	1	-0.431871927534397	0.545425930970175
HGDP00711	2	-1.52108276216847	0.157504006741662
HGDP00904	1	-2.24287271971337	-2.08174295397921
HGDP01171	1	0.122157857988915	-0.740624399692289
HGDP01339	2	-0.147951526114775	-0.228184892235798
HGDP00151	2	-0.649516830593094	-2.3551267580876
HGDP00538	2	0.748345413855676	0.909803724098298
HGDP00712	2	0.939412213234122	-0.790549754831346
HGDP00905	2	1.80192455086031	1.08407544555483
HGDP01340	2	0.792521825332203	0.19751914774367
HGDP01172	2	0.583829399803491	0.506795899761633
HGDP00153	1	1.1298280721347	3.24792091106459
HGDP00539	2	0.169101867188051	1.0590577756078
HGDP00713	1	-1.09533839363934	1.54086729565552
HGDP00906	1	0.375349424491692	0.307808892914531
HGDP01341	2	2.49270597826941	0.12609994283686
HGDP01173	1	-1.57180607112663	1.66272591364831
HGDP00154	2	-0.195303145916462	0.193361619403489
HGDP00540	1	1.17263435423048	-0.914262150348103
HGDP00714	1	0.813803703346774	0.550883379311672
HGDP00907	2	0.335791734314289	0.507237477851945
HGDP01342	2	-0.91160998375583	0.1751621462884
HGDP01174	2	0.843187832497748	0.81872224375882
HGDP00155	2	0.183966558779242	0.916603175284106
HGDP00541	2	0.348620703121479	0.112056645263572
HGDP00715	2	0.773764091801787	-0.763816221860117
HGDP00908	1	-0.803982863411365	-0.131031299526378
HGDP01345	2	-0.619145202404587	0.944938380422273
HGDP00157	2	0.0104732212034452	1.42626429422198
HGDP01177	2	-0.530953461709478	0.316047447520014
HGDP00542	2	-1.24981358565023	-0.939959197815307
HGDP00716	2	-1.54456746209633	-0.152009688967716
HGDP00909	1	-0.478941246373662	0.300276801075327
HGDP01346	2	0.0643702538640958	0.231709673405519
HGDP00158	1	-0.959533094163547	-0.451011135130313
HGDP01179	2	0.435026379709028	0.650423348352312
HGDP00543	2	0.806343390308272	0.856919116634063
HGDP00717	2	0.224288122008924	0.736615685581202
HGDP01347	1	0.269140366712925	-0.132335876843116
HGDP00910	2	-1.45818561905596	0.759159548598431
HGDP00160	1	-0.774437287405925	-1.23512555136504
HGDP00544	1	0.344207875684961	1.00913826515758
HGDP01180	1	-1.73001052367425	0.697115448882445
HGDP00719	2	1.36551632578574	2.08943768682148
HGDP01348	2	-2.39062924254269	-0.0479312717644486
HGDP00161	2	0.0971750576177042	0.680089482445095
HGDP00911	2	-0.214462995651998	-0.939484946869938
HGDP00545	2	0.0851564693353069	0.31714093624246
HGDP01181	1	-0.0416744800514054	1.47821715767042
HGDP00721	2	-0.245485483067515	1.96384663961635
HGDP01349	2	-1.78928647682507	-0.701881746348579
HGDP00912	1	-0.21333720180631	-0.253308617315822
HGDP00163	1	0.888632168125906	-2.02600222952061
HGDP00546	2	-0.249775033290827	-0.363804360852681
HGDP01182	2	1.41001655209669	0.0464280077774555
HGDP00722	1	-1.78640904018393	0.179795725495803
HGDP01350	2	0.826284402677715	0.178905338444681
HGDP00165	1	0.379377955810367	1.45905265210016
HGDP00547	1	0.430714431421847	0.0116146988186159
HGDP00913	2	0.688038778833645	-0.364222810082888
HGDP01183	1	0.519292238549878	-2.35660525387748
HGDP00723	1	0.701829627471912	-0.492608496994863
HGDP01351	2	0.395585899291859	-0.0601070338806346
HGDP00167	1	0.250478571614543	0.105236130055658
HGDP00914	1	-1.19144076189327	0.690971686363715
HGDP00548	2	0.5501806370874	0.259957385614668
HGDP01184	2	-0.57720252784259	0.859815831721359
HGDP00724	2	0.835880252959339	1.54681454265962
HGDP01352	1	-2.01187889946415	-0.772005622872155
HGDP00169	1	0.731141033524535	0.234458076391308
HGDP00549	1	1.72412969067648	0.373176915882183
HGDP00915	1	0.268390241306056	0.590459804157533
HGDP01185	1	-0.181478770202506	0.203117670205852
HGDP00725	1	-0.221369079755586	-0.801327853273133
HGDP01353	1	1.42041367430207	0.554782269846803
HGDP00173	1	0.457287078169175	1.47859876540879
HGDP00550	1	0.0731794859601498	-0.467291668809664
HGDP00917	2	-0.730281799394742	0.476238794103579
HGDP01186	1	-0.241083234210533	-2.38776528852053
HGDP00726	1	-1.06012519266059	-1.30015312532594
HGDP01354	1	-0.504907779442429	-0.281074408481901
HGDP00175	2	0.909729931484196	-0.246941159878858
HGDP00551	1	-0.905657820675867	0.291514276319171
HGDP00918	1	0.430390043063631	-0.0964098804799015
HGDP01187	1	0.858607848117326	-1.56255609388677
HGDP00727	2	-1.99476467776696	-1.78510561380627
HGDP01355	2	-0.111676803965396	-0.638060432662508
HGDP00177	1	-0.00532040116648825	0.769671991042706
HGDP00552	2	0.504008594287424	1.83369719793502
HGDP00920	1	-0.49959734759118	0.796301303021064
HGDP01188	1	-0.390456621137993	-0.0125956663050796
HGDP00729	1	-1.21303648809477	-1.82945075960843
HGDP01356	2	0.0412604852154275	-0.203286962153664
HGDP00179	1	0.476830234155228	0.476698814819727
HGDP00553	1	-0.505515942510525	0.0780761176922851
HGDP00924	2	1.10843327042537	-0.170183713365296
HGDP01189	2	-0.736090040339072	0.757393249176703
HGDP00730	2	-0.736372654679772	-1.38118187653427
HGDP01357	2	-2.19553410256695	0.303071898190312
HGDP00554	1	1.84920724953551	0.665300704628152
HGDP00181	2	-0.321810548343706	1.17707040165822
HGDP00925	2	-1.52857173131693	1.04806720252407
HGDP00731	1	0.651062201968766	-0.147413181958566
HGDP01190	1	-0.0507448170904375	0.867182398277082
HGDP01358	2	2.28716274587103	0.413965558689802
HGDP00555	2	-1.19201502240673	0.377451354590676
HGDP00183	2	1.27212489325947	0.754867695429156
HGDP00926	2	-1.20881234793899	0.140502655271519
HGDP00732	1	-2.45340352867103	-0.405568867433744
HGDP01191	1	0.514111410284321	1.43340782919743
HGDP01359	1	-0.147433390163531	0.591086729184676
HGDP00556	1	0.319816462973018	-1.0505375493334
HGDP00927	1	-0.497341006375058	2.38085984455593
HGDP00185	2	-0.322982110640741	-0.454641801784611
HGDP00733	2	0.43357119882941	0.355689705267268
HGDP01192	2	1.60025845049878	0.861107927178503
HGDP01360	2	0.469179840052223	1.0674516887679
HGDP00557	1	0.652577662025661	-0.317594019965214
HGDP00928	1	0.78865582723519	-0.0662937397972897
HGDP00187	2	0.196453302767436	0.0994106412615003
HGDP00734	2	-0.602251308797549	-0.573872521676188
HGDP01193	2	0.785260712435454	1.40336774792402
HGDP00558	2	0.382213932173637	-1.10189469859912
HGDP01361	1	0.726465995714124	0.468021375148202
HGDP00929	2	0.99819417363197	-0.523601561129403
HGDP00189	1	-1.33749112836546	-1.9155827634725
HGDP00735	2	2.14411890332795	-1.28532936211323
HGDP01194	1	1.68767542443345	1.26279249209356
HGDP00559	1	-0.0181966306268442	-0.562144319244413
HGDP01362	1	0.920052222308015	-1.21938591602102
HGDP00191	1	1.00202536882949	-2.07999766759462
HGDP00930	2	0.883839703967777	-0.49622457177286
HGDP00736	1	0.0506557977879604	0.0730088010657704
HGDP01195	1	1.14061709120381	0.0291731832405443
HGDP00560	1	-0.189690358089728	-1.53977042247816
HGDP01363	2	1.54813440655471	1.06727021863035
HGDP00192	2	-1.94157587037216	0.71274507617732
HGDP00931	1	1.02447802526875	0.42910543048167
HGDP00737	2	-0.422015205896051	-0.659267542416238
HGDP01196	1	0.267520003416697	2.19063706661239
HGDP00561	2	0.783410538220935	-0.15301345980717
HGDP01364	2	0.169412516003061	1.01415400797406
HGDP00195	2	0.233711577312907	-1.36345134666384
HGDP00932	1	0.712318001836866	1.53590668862605
HGDP00738	2	0.309385073410883	-1.36235244042667
HGDP01197	1	1.26502390272279	0.361847229080447
HGDP00562	2	0.331642572386406	-0.118708826111351
HGDP01365	2	0.706844978297925	-0.861328148774043
HGDP00197	1	-1.59540958791005	-1.27426382860306
HGDP00933	1	0.079003666426928	1.15237760336719
HGDP00739	1	-0.799524931857961	1.51256757756155
HGDP01198	2	0.293795431402484	0.10338829399919
HGDP00563	2	-0.134631414504803	-1.39550711591616
HGDP01366	1	-1.43740429497142	-0.299624458619206
HGDP00199	1	-0.71657186092086	1.06571364814383
HGDP00934	1	-0.755308623009203	-1.13375791730432
HGDP00740	2	0.610961668018271	0.481662087672956
HGDP01199	2	-0.0749819301067247	0.135795631461931
HGDP00564	2	-0.906580518053703	-0.15192601902348
HGDP01367	2	0.484647050033304	1.43527285555473
HGDP00201	1	-1.27387875043545	-0.73566702503803
HGDP00935	2	1.09580025930015	-0.923568343400898
HGDP00741	1	0.706679099547821	0.870156647772226
HGDP01200	1	0.431521846174759	0.0973516878288297
HGDP00565	1	-0.390669443037755	1.62089378980111
HGDP01368	2	-0.944728743778485	0.17034270874784
HGDP00205	2	-0.980981030754433	0.293659375099346
HGDP00936	2	-0.3279306528901	-0.508788069026379
HGDP00744	2	-0.295765803335805	-0.471486795759704
HGDP01201	1	-1.85424160662939	-0.252366736593831
HGDP00566	1	-1.25823038879898	0.910499197956298
HGDP00206	2	-0.603078699889266	0.136240764720287
HGDP01369	2	-1.02058392589015	2.00084447956428
HGDP00937	2	-1.82202753172907	1.17021318720287
HGDP00745	2	-0.862412179766505	0.136377940862711
HGDP01202	2	1.97452001693554	-0.0285720750520613
HGDP00567	1	1.83032232319878	-0.0562479658512194
HGDP00208	2	-0.649053359783151	-0.245311977657024
HGDP01370	1	-2.59660539899264	-1.10920960561333
HGDP00938	1	1.39209557174284	-1.58315102468318
HGDP00746	2	0.302129669505088	-0.0771625518607221
HGDP01203	1	0.0101839184605604	1.51253904352865
HGDP00210	1	3.00776673196129	-0.808047135238216
HGDP01372	1	-0.857665949034531	0.134002315651764
HGDP00568	1	-0.437223749742489	-0.0217701494855922
HGDP00939	2	-0.402174354967189	-0.349832097842176
HGDP00747	2	0.887241146837165	0.350899834158401
HGDP01204	1	1.02930283089341	-0.418583357450398
HGDP00213	2	-0.657265798769955	-0.22500631216464
HGDP00569	2	2.04420641045807	0.897287566480274
HGDP01373	2	-0.575914747818531	-0.199017998277205
HGDP00940	1	0.831853002724065	-0.0333970858565892
HGDP00748	1	-1.09657967070438	-0.53074742540973
HGDP01205	1	-0.378866826058421	0.867028854024675
HGDP00214	1	0.785388138958203	-1.3801338285494
HGDP00571	2	0.0539995157569513	0.783481005904721
HGDP01374	1	-0.144133122853283	0.214179760200105
HGDP00941	1	-1.07073115092256	-0.169911082736007
HGDP00749	2	-0.122782644834058	2.42464197289279
HGDP01206	2	1.46021201170559	0.097649719699854
HGDP00216	2	1.09619538012963	-1.88764033698222
HGDP00572	1	1.01806575565539	-0.24111307051119
HGDP01375	1	-1.93542183998054	-0.664813935498651
HGDP00942	2	0.0060554313112697	-0.213603111943862
HGDP00750	2	-0.647465465118369	-0.573355629831948
HGDP01207	2	-0.3538885300846	-1.95651023402366
HGDP00218	1	-0.0926688743787167	0.481528499342438
HGDP00573	2	0.0228914169640972	0.587005809894146
HGDP01376	1	-0.0746588460180577	0.733557570093106
HGDP00943	2	1.6865842595084	0.572068027346411
HGDP00751	1	-1.82601714283097	1.32914998710085
HGDP01208	2	0.87473238333795	2.67646381445704
HGDP00574	1	-0.163855594125615	0.478290483591861
HGDP00222	1	-1.75676466203227	1.54517113298397
HGDP00944	1	0.33252948384499	-0.19423492145524
HGDP01377	1	-3.32160922346031	-0.0694791335307279
HGDP00752	2	-0.250015666838241	1.8438110469258
HGDP01209	2	-1.3442578885356	-0.470454218937133
HGDP00575	2	0.927136083721879	-0.856489883119686
HGDP00224	1	0.571146243145375	0.622977834039102
HGDP00945	2	1.11630227848232	-0.303117149164322
HGDP00753	2	1.71758982712545	1.63471363757142
HGDP01378	1	-0.25920523643976	-0.99489068916135
HGDP01211	2	-0.376025694145489	1.92443328391409
HGDP00576	2	1.52112715361738	1.46979267828464
HGDP00226	1	-1.384103812721	1.39132219555654
HGDP00946	2	-0.403272247564015	0.640433677652196
HGDP00754	1	0.0561928154274793	-0.208076125012973
HGDP01379	1	0.317516792830841	-0.699908300360537
HGDP01212	2	-0.87056774602859	-0.517918521661654
HGDP00577	1	-0.605004529292685	0.706312296637042
HGDP00228	1	-0.589237442996245	0.137427991695162
HGDP00947	2	-0.28957865329216	-0.658647973207844
HGDP00755	2	0.954528843930314	0.858560057206
HGDP01380	1	-0.289701118973607	0.201943965567965
HGDP01213	2	-0.274847231817648	0.661537127227061
HGDP00578	2	-0.735203554700449	0.154378630776304
HGDP00230	1	-0.0103067376182535	-0.707701346381654
HGDP00948	2	-0.468152486306021	-0.162082039254051
HGDP00756	1	-0.210053994948542	1.45757455950665
HGDP01382	1	0.569081128167459	-0.0919430828174044
HGDP01214	1	1.29670117690726	-1.69500985803623
HGDP00579	2	-0.767416632373079	-0.714668610395385
HGDP00232	1	-0.289273281931369	0.25622562341952
HGDP00949	1	0.14874223319545	0.842799729973093
HGDP00757	2	-1.82456986165045	0.758523352530198
HGDP01383	1	-1.02703551456644	-1.24031141620204
HGDP01215	2	1.5593315077901	0.534139101012443
HGDP00580	2	0.120530316948822	-0.981018513365244
HGDP00234	2	-0.421726870587954	-0.91198836216856
HGDP00950	1	-0.873821593543518	-2.17095507571932
HGDP00758	2	0.628214822255778	-0.519819354065303
HGDP01384	1	1.25635187668052	0.129804056969195
HGDP01216	1	0.113595870431391	0.0906188149264491
HGDP00581	1	0.783919483365332	-1.12610490722934
HGDP00237	2	-1.97975759078556	0.618532513857287
HGDP00951	1	1.05464640360191	1.79255256268554
HGDP00759	1	-0.441322731109672	0.50663375246144
HGDP01385	2	2.16213269527795	-0.58032538202588
HGDP01217	2	-2.9911288923289	-0.890241832632456
HGDP00582	1	-1.9828879081866	0.198005178628307
HGDP00239	1	-0.37952060541686	0.996531640298379
HGDP00952	1	1.24174245240481	-0.701304445623166
HGDP00760	1	-1.73560329904133	1.67905193799254
HGDP01386	1	0.120230868773094	-0.37762197392781
HGDP01218	1	0.112199749283979	-0.712787276199767
HGDP00583	1	-0.138630026842948	1.43108751632084
HGDP00241	2	1.04414305012241	-0.538232913723489
HGDP00953	1	-0.121270691284627	-0.222804823230253
HGDP00761	2	-0.527122066325698	1.22038317813869
HGDP01387	1	-0.672571756399321	-0.0357214689854654
HGDP01220	1	-1.00840019346397	-0.973146779091102
HGDP00584	2	-0.508851997604026	-2.15271701356534
HGDP00243	1	-0.0470135382645295	0.481837647650928
HGDP00954	2	-0.105457430751965	-0.503106691622746
HGDP00762	1	0.989720489952972	1.34782077582662
HGDP01388	1	0.81995634873917	0.439307225272753
HGDP01221	1	0.581073745459083	1.27521719850649
HGDP00244	2	1.46507856387399	-0.716572807473232
HGDP00586	1	-0.230688576136916	0.192500396771389
HGDP00955	1	0.79587387308155	-2.06583154799165
HGDP00764	2	0.403745522492329	-0.933054477567334
HGDP01396	2	0.824678310329986	0.360297814364883
HGDP01222	1	1.15367423385034	-0.59495340376504
HGDP00247	2	-0.608089133563411	-0.464763616467842
HGDP00587	1	0.170415643139023	0.960024245561304
HGDP00956	1	1.37618356050853	-0.543157668326597
HGDP00765	2	1.54500378965069	0.667640934251557
HGDP01397	2	0.368111735578541	0.279127033948228
HGDP01223	1	-0.737266990722435	1.09881422067777
HGDP00248	1	-1.78958048731654	0.170727142625734
HGDP00588	1	0.630738544787708	-0.164697489890308
HGDP00957	2	0.842583133225183	-0.312848063815913
HGDP00766	2	0.0724043986991091	2.06293119223321
HGDP01398	2	-1.45020178746166	1.03766266686136
HGDP01224	1	0.222000895617249	-1.40294690034191
HGDP00251	2	0.519823224757196	1.11302325475913
HGDP00590	2	1.88186396118178	-1.93614465512278
HGDP00958	2	-0.324739721824171	-1.13784963397713
HGDP01399	1	-0.615395711254043	0.178341987133094
HGDP00767	1	-0.305499383365401	1.40373301349702
HGDP01225	1	0.285758357947551	-0.144440401323829
HGDP00254	2	-1.92023436865786	-0.702135428534021
HGDP00591	2	0.527806937468664	-1.78449813635148
HGDP00959	1	-0.283999586474282	1.99817357077064
HGDP01400	2	-0.393138152083973	-0.930940501495848
HGDP00769	1	0.556498730043882	-0.0320075035806219
HGDP01227	2	-0.722615710576174	-1.1983794086255
HGDP00258	1	-1.18726361324687	-1.62400934395378
HGDP00594	2	-0.554785476406941	1.42803191136726
HGDP00960	2	1.07424792904717	-1.15854728779701
HGDP01401	1	1.7717009606692	0.456607310024401
HGDP00771	1	0.941623642363817	-0.539265921372859
HGDP01228	1	-0.459909606403737	-0.30080979764925
HGDP00259	2	-0.729316678843739	-0.541674970590516
HGDP00595	2	0.707880803226026	1.59170688647038
HGDP00961	1	-0.561417479086712	2.05855692375497
HGDP01402	2	-0.68968595245719	0.890430546722849
HGDP00772	2	-1.73660362601439	-0.320037809116473
HGDP01229	1	0.935024808447206	1.05593167897811
HGDP00262	1	3.09313228455997	1.56049430490477
HGDP00597	1	0.84055063642359	-0.463864275573152
HGDP00962	2	-0.215140071122916	0.287679143994837
HGDP01403	1	0.475455785899649	-0.497481846981495
HGDP00773	2	1.21856421790748	-0.0756188826643511
HGDP01230	2	-1.66124976417259	-1.33525015373979
HGDP00264	1	-0.835577655475489	-0.0752426399780639
HGDP00598	1	-0.553491519385089	-1.06288923533151
HGDP00963	2	-0.409520713922487	0.857236239474321
HGDP01404	2	0.501592915240537	-0.299209381794673
HGDP00774	2	-0.569693142352863	-0.810630279432887
HGDP01231	2	-0.391598049056211	0.357972169808958
HGDP00274	2	-0.193359427491361	2.09997231884923
HGDP00599	2	-0.153953691685306	0.137018743748803
HGDP00964	1	0.18481759695015	0.183300272956839
HGDP00775	1	0.493030553129206	0.0419589632326065
HGDP01405	2	0.159865122707327	0.242264140463535
HGDP01232	1	0.841970171777274	0.964448274177911
HGDP00277	1	2.00540054342796	-0.464198248602147
HGDP00600	2	-0.629297688897252	-0.0567352686627682
HGDP00965	1	-1.85978084989518	-0.571837942859908
HGDP00776	2	0.59867369384503	-0.565262511636441
HGDP01406	2	0.619698280350884	-0.791646133936933
HGDP01233	1	1.53522352222283	0.804941668305782
HGDP00279	2	-0.99208961746568	1.63432752554245
HGDP00601	1	0.282980330118332	1.2964569079926
HGDP00966	1	-2.01294994062408	-0.0205323035114125
HGDP01408	2	0.361400899588381	-0.198966961382656
HGDP00777	1	-0.184864048975307	-0.663719380372259
HGDP01234	2	-0.889277531738189	0.700582658649551
HGDP00281	1	-1.26365650480697	-0.662881439567875
HGDP00602	1	-1.66099193557519	0.305168453038247
HGDP00967	2	-1.16780666823919	-1.87345855893631
HGDP01411	2	-0.678996487266586	0.807137825922025
HGDP00778	2	-0.164130999814755	0.253476865056066
HGDP01236	2	-0.595377335159298	3.09908913965031
HGDP00285	2	-0.54730786984478	0.0861273092133435
HGDP00604	1	-1.08776017662596	-0.955252484441078
HGDP00968	1	-0.242242395599078	3.1751904111502
HGDP01412	2	-0.571965010983676	-1.49343617967487
HGDP00779	2	-0.88436908830375	-1.45562154622227
HGDP01237	2	-0.535480808765089	0.543598202997538
HGDP00286	1	0.197963779913821	0.00131327288759289
HGDP00606	2	0.431323895399406	0.247092534039071
HGDP00969	2	0.197685274042714	-0.410868371473638
HGDP01414	1	0.726413438474965	-0.131519273869692
HGDP00780	1	0.488627377883011	-0.0644114485489679
HGDP01238	1	-0.397523780010573	0.610361348668073
HGDP00288	2	-0.684345997258538	0.676506007565883
HGDP00607	2	-0.93573810608461	-0.911895639628711
HGDP00970	1	-0.535501713013399	0.237642798428137
HGDP01415	1	1.0177099187885	-1.27142377411241
HGDP00781	2	-0.774458959966244	0.753811747191286
HGDP01239	1	-0.284592466828842	-0.728423464772794
HGDP00290	2	0.517978716264623	-1.15398113567432
HGDP00608	2	-0.0202060843277245	-1.08944220478559
HGDP00971	1	-0.342598115699356	2.11784508336644
HGDP01416	2	-0.96003679211999	-2.12635386295969
HGDP00782	2	-1.28569305900156	0.740694997017381
HGDP01240	1	-0.0806750003695131	-1.09591127072146
HGDP00298	1	0.309836831967528	2.09042540842
HGDP00609	2	-0.0117851169712006	0.235222334430157
HGDP00973	1	0.59576234864581	1.24818402633462
HGDP01417	2	-0.57522775099408	-1.27370410994118
HGDP00783	2	-0.356919642693947	-0.262514649861029
HGDP01241	1	0.639775032212341	-0.152592486588214
HGDP00302	1	0.695416015257341	1.30673402211457
HGDP00974	1	-1.34875852251758	1.27553822544878
HGDP01418	1	-0.202244409926265	-1.57388448913773
HGDP00784	2	-2.02688035224609	-0.0905203322635049
HGDP01242	2	1.17098458457012	-0.712282057260015
HGDP00304	1	-0.544449998568804	1.73365769265558
HGDP00975	2	0.694718305296155	-1.69209529210987
HGDP00785	2	-1.21478683357312	-2.40686675695087
HGDP01419	2	1.28371189000875	-1.98168169924285
HGDP00307	2	0.281031877766293	1.25439614702897
HGDP01243	2	-0.714275440940483	-0.601131607286282
HGDP00976	2	0.35582590350739	0.634522454172437
HGDP01244	1	0.975443193466353	0.821819292059155
HGDP00977	2	1.32393821217214	-0.407844821034771
HGDP01245	2	-0.201248254688505	0.949350187841812
HGDP01246	1	-0.406774220119386	-1.20556269087565
